0 0.3957905544147844 0.8290554414784395 0.08932238193018481 0.10985626283367557
0 0.5852156057494867 0.8116016427104723 0.09240246406570843 0.14271047227926079
0 0.29414784394250515 0.7397330595482546 0.11601642710472279 0.11806981519507187
0 0.654517453798768 0.6124229979466119 0.0646817248459959 0.11396303901437373
0 0.45431211498973306 0.5677618069815196 0.10164271047227927 0.13347022587268995
0 0.2433264887063655 0.44661190965092407 0.11909650924024641 0.09034907597535935
0 0.6401437371663244 0.40965092402464065 0.08110882956878851 0.11704312114989733
0 0.39219712525667355 0.3028747433264887 0.13347022587268995 0.13141683778234087
0 0.5528747433264888 0.2782340862422998 0.12833675564681726 0.09240246406570843
0 0.6729979466119097 0.10985626283367557 0.11806981519507187 0.09240246406570843
0 0.5143737166324436 0.09753593429158111 0.07186858316221766 0.16632443531827515