0 0.5912863070539419 0.15300829875518673 0.08506224066390042 0.10477178423236515
0 0.4113070539419087 0.17842323651452283 0.08817427385892117 0.13692946058091288
0 0.6913900414937759 0.23340248962655602 0.11099585062240663 0.11410788381742738
0 0.35425311203319504 0.37188796680497926 0.061203319502074686 0.10892116182572614
0 0.5477178423236515 0.4050829875518672 0.0975103734439834 0.1275933609958506
0 0.7536307053941909 0.5108921161825726 0.11307053941908714 0.08609958506224066
0 0.3770746887966805 0.5643153526970954 0.07780082987551867 0.11203319502074689
0 0.6177385892116183 0.6545643153526971 0.1275933609958506 0.12448132780082988
0 0.46680497925311204 0.6862033195020747 0.12240663900414937 0.08817427385892117
0 0.3599585062240664 0.8521784232365145 0.11203319502074689 0.08817427385892117
0 0.5114107883817427 0.8563278008298755 0.06846473029045644 0.15871369294605808