0 0.6472906403940886 0.16600985221674874 0.08472906403940886 0.10344827586206896
0 0.467487684729064 0.1689655172413793 0.0876847290640394 0.13497536945812807
0 0.7359605911330048 0.2571428571428571 0.1103448275862069 0.11231527093596058
0 0.3881773399014778 0.351231527093596 0.06108374384236453 0.10738916256157635
0 0.5733990147783251 0.40788177339901477 0.09655172413793103 0.12610837438423644
0 0.7625615763546797 0.5369458128078818 0.11231527093596058 0.08472906403940886
0 0.38620689655172413 0.5428571428571428 0.07684729064039408 0.1103448275862069
0 0.6118226600985222 0.6610837438423645 0.12610837438423644 0.12413793103448274
0 0.45960591133004924 0.6733990147783251 0.12118226600985221 0.0876847290640394
0 0.3339901477832512 0.8231527093596058 0.1103448275862069 0.0876847290640394
0 0.48226600985221674 0.8458128078817734 0.06798029556650245 0.1566502463054187