0 0.6633141762452107 0.8615900383141762 0.12356321839080459 0.15804597701149425
0 0.4813218390804597 0.7983716475095785 0.18486590038314174 0.16379310344827586
0 0.8079501915708812 0.6843869731800766 0.171455938697318 0.1446360153256705
0 0.6384099616858238 0.514367816091954 0.13122605363984674 0.1839080459770115
0 0.26436781609195403 0.4932950191570881 0.14367816091954022 0.09961685823754789
0 0.475095785440613 0.4454022988505747 0.16858237547892718 0.13026819923371646
0 0.8295019157088123 0.414272030651341 0.13218390804597702 0.1561302681992337
0 0.3994252873563218 0.3022030651340996 0.10344827586206896 0.15804597701149425
0 0.6910919540229885 0.2624521072796935 0.18486590038314174 0.1475095785440613
0 0.5268199233716475 0.1336206896551724 0.14942528735632182 0.14846743295019157
0 0.4051724137931034 0.08141762452107279 0.13026819923371646 0.12835249042145594