0 0.6418406072106262 0.12571157495256166 0.12808349146110057 0.16413662239089186
0 0.45208728652751423 0.1840607210626186 0.19070208728652752 0.16888045540796964
0 0.7851043643263758 0.31356736242884253 0.1774193548387097 0.14895635673624288
0 0.6038899430740038 0.4829222011385199 0.13567362428842505 0.18975332068311196
0 0.2172675521821632 0.49098671726755216 0.14800759013282733 0.10341555977229602
0 0.4335863377609108 0.5483870967741935 0.17457305502846301 0.1347248576850095
0 0.7969639468690702 0.5929791271347249 0.1366223908918406 0.16129032258064516
0 0.35009487666034156 0.6930740037950665 0.1062618595825427 0.16413662239089186
0 0.6489563567362429 0.7443074003795066 0.19165085388994307 0.1527514231499051
0 0.47485768500948766 0.8714421252371917 0.15464895635673626 0.1527514231499051
0 0.34819734345351044 0.9207779886148008 0.1347248576850095 0.1318785578747628