0 0.69296875 0.88671875 0.13125 0.16875
0 0.49375 0.83359375 0.1953125 0.17343750000000002
0 0.8347656250000001 0.6875 0.18359375 0.15156250000000002
0 0.63984375 0.5183593750000001 0.140625 0.19609375
0 0.835546875 0.39570312500000004 0.14140625 0.16640625
0 0.23984375000000002 0.523828125 0.153125 0.10859375
0 0.46171875 0.45742187500000003 0.1796875 0.14140625
0 0.36953125000000003 0.311328125 0.109375 0.16640625
0 0.6761718750000001 0.24531250000000002 0.19609375 0.15781250000000002
0 0.49140625000000004 0.12070312500000001 0.15937500000000002 0.15859375
0 0.35703125 0.07265625 0.1375 0.13593750000000002