0 0.6609375000000001 0.88203125 0.13125 0.16875
0 0.46210937500000004 0.8285156250000001 0.19765625 0.17421875
0 0.80234375 0.681640625 0.18281250000000002 0.15390625000000002
0 0.6082031250000001 0.513671875 0.13984375000000002 0.19609375
0 0.20703125 0.51953125 0.153125 0.10625000000000001
0 0.42890625000000004 0.45234375000000004 0.1796875 0.1390625
0 0.80390625 0.39179687500000004 0.140625 0.16640625
0 0.33671875 0.30546875 0.109375 0.16875
0 0.6449218750000001 0.240625 0.19765625 0.15781250000000002
0 0.45937500000000003 0.115625 0.15937500000000002 0.15781250000000002
0 0.326171875 0.06953125 0.13828125 0.13593750000000002