0 0.3579654510556622 0.8761996161228407 0.13051823416506717 0.16698656429942418
0 0.5542226487523992 0.8267754318618042 0.1948176583493282 0.17178502879078694
0 0.22264875239923224 0.6765834932821497 0.1804222648752399 0.15163147792706333
0 0.41650671785028787 0.5153550863723608 0.1381957773512476 0.19385796545105566
0 0.8099808061420345 0.5283109404990403 0.15163147792706333 0.10460652591170826
0 0.5935700575815739 0.45825335892514396 0.17754318618042225 0.13723608445297505
0 0.22696737044145873 0.3920345489443378 0.13915547024952016 0.16410748560460653
0 0.6866602687140115 0.31573896353166986 0.10844529750479846 0.16698656429942418
0 0.3853166986564299 0.24664107485604606 0.1948176583493282 0.15547024952015354
0 0.5700575815738963 0.12715930902111325 0.15738963531669864 0.1564299424184261
0 0.701535508637236 0.08445297504798464 0.1362763915547025 0.13435700575815737