0 0.6139175257731959 0.11752577319587629 0.1288659793814433 0.16494845360824742
0 0.42216494845360825 0.1752577319587629 0.19278350515463918 0.1711340206185567
0 0.7572164948453608 0.30876288659793816 0.17835051546391753 0.15154639175257734
0 0.572680412371134 0.477319587628866 0.13711340206185568 0.19175257731958764
0 0.1829896907216495 0.4829896907216495 0.14948453608247422 0.10412371134020619
0 0.4005154639175258 0.5422680412371134 0.17628865979381445 0.13608247422680414
0 0.7670103092783506 0.5907216494845361 0.13814432989690723 0.16288659793814433
0 0.31443298969072164 0.6876288659793814 0.10721649484536083 0.16494845360824742
0 0.615979381443299 0.7422680412371134 0.19278350515463918 0.15463917525773196
0 0.43917525773195876 0.8685567010309279 0.15670103092783505 0.15360824742268042
0 0.31082474226804124 0.9170103092783506 0.13505154639175257 0.13298969072164948