0 0.3171875 0.10703125000000001 0.13125 0.16875
0 0.516015625 0.160546875 0.19765625 0.17421875
0 0.17578125 0.307421875 0.18281250000000002 0.15390625000000002
0 0.369921875 0.475390625 0.13984375000000002 0.19609375
0 0.77109375 0.46953125 0.153125 0.10625000000000001
0 0.54921875 0.53671875 0.1796875 0.1390625
0 0.17421875 0.597265625 0.140625 0.16640625
0 0.6414062500000001 0.68359375 0.109375 0.16875
0 0.33320312500000004 0.7484375000000001 0.19765625 0.15781250000000002
0 0.51875 0.8734375000000001 0.15937500000000002 0.15781250000000002
0 0.651953125 0.91953125 0.13828125 0.13593750000000002