0 0.6714568880079286 0.14321110009910804 0.12586719524281467 0.16154608523290387
0 0.479187314172448 0.18434093161546083 0.18731417244796827 0.16650148662041625
0 0.7973240832507433 0.33944499504459863 0.17542120911793854 0.14568880079286423
0 0.6035678889990089 0.4920713577799802 0.13478691774033696 0.18731417244796827
0 0.7844400396432111 0.6179385530227949 0.13577799801783944 0.1595639246778989
0 0.22249752229930625 0.4682854311199207 0.14767096134786917 0.10406342913776015
0 0.4311199207135778 0.541625371655104 0.17244796828543113 0.13577799801783944
0 0.33597621407333994 0.6764122893954411 0.10505450941526263 0.1595639246778989
0 0.6253716551040635 0.7537165510406343 0.18830525272547077 0.15163528245787908
0 0.44350842418235875 0.8642220019821605 0.15361744301288405 0.15262636273538155
0 0.313181367690783 0.9038652130822596 0.13280475718533202 0.13082259663032705