0 0.67734375 0.88828125 0.13125 0.16875
0 0.478515625 0.8347656250000001 0.19765625 0.17421875
0 0.8187500000000001 0.6878906250000001 0.18281250000000002 0.15390625000000002
0 0.624609375 0.519921875 0.13984375000000002 0.19609375
0 0.2234375 0.52578125 0.153125 0.10625000000000001
0 0.4453125 0.45859375 0.1796875 0.1390625
0 0.8203125 0.398046875 0.140625 0.16640625
0 0.353125 0.31171875000000004 0.109375 0.16875
0 0.661328125 0.246875 0.19765625 0.15781250000000002
0 0.47578125000000004 0.12187500000000001 0.15937500000000002 0.15781250000000002
0 0.342578125 0.07578125000000001 0.13828125 0.13593750000000002