0 0.6627101879327398 0.834322453016815 0.1661721068249258 0.13353115727002968
0 0.814540059347181 0.7675568743818002 0.14737883283877348 0.08902077151335311
0 0.14589515331355093 0.5642927794263105 0.1671612265084075 0.12957467853610286
0 0.5262116716122651 0.6340257171117705 0.11869436201780414 0.12462908011869436
0 0.8778437190900099 0.6216617210682492 0.1671612265084075 0.09396636993076161
0 0.7363996043521266 0.576162215628091 0.11177052423343224 0.18100890207715134
0 0.3936696340257171 0.4055390702274975 0.11078140454995054 0.1582591493570722
0 0.5806132542037586 0.4327398615232443 0.18001978239366961 0.10979228486646884
0 0.6775469831849653 0.3877349159248269 0.11078140454995054 0.15034619188921858
0 0.7858555885262116 0.3545994065281899 0.06231454005934718 0.17309594460929772
0 0.6681503461918892 0.13353115727002968 0.19090009891196835 0.1641938674579624