0 0.651953125 0.138671875 0.17421875 0.13984375000000002
0 0.8167968750000001 0.20078125000000002 0.15546875000000002 0.09375
0 0.8910156250000001 0.351171875 0.17265625 0.09921875000000001
0 0.7449218750000001 0.40546875000000004 0.11484375000000001 0.19062500000000002
0 0.521484375 0.358984375 0.12421875 0.13046875
0 0.12382812500000001 0.45234375000000004 0.17421875 0.134375
0 0.39375000000000004 0.6062500000000001 0.1171875 0.16875
0 0.5886718750000001 0.567578125 0.18984375 0.11328125
0 0.6941406250000001 0.608984375 0.11640625 0.16015625
0 0.8093750000000001 0.636328125 0.0625 0.18046875
0 0.69921875 0.875 0.19843750000000002 0.16562500000000002