0 0.6428571428571429 0.819015444015444 0.1640926640926641 0.13223938223938225
0 0.792953667953668 0.75 0.14575289575289577 0.0888030888030888
0 0.8523166023166023 0.6047297297297297 0.16216216216216217 0.09362934362934364
0 0.7123552123552124 0.5637065637065637 0.10810810810810811 0.17953667953667954
0 0.5062741312741312 0.6211389961389961 0.1167953667953668 0.12258687258687259
0 0.12837837837837837 0.5593629343629344 0.1640926640926641 0.12644787644787644
0 0.37113899613899615 0.3981660231660232 0.111003861003861 0.15926640926640928
0 0.555984555984556 0.4218146718146718 0.1776061776061776 0.10617760617760617
0 0.6515444015444015 0.3764478764478765 0.11003861003861004 0.15057915057915058
0 0.7577220077220077 0.34362934362934366 0.059845559845559844 0.16988416988416988
0 0.6394787644787645 0.1274131274131274 0.1862934362934363 0.15637065637065636