0 0.651953125 0.138671875 0.17421875 0.13984375000000002
0 0.81640625 0.199609375 0.1546875 0.09296875
0 0.1234375 0.45351562500000003 0.17500000000000002 0.13671875
0 0.519921875 0.35781250000000003 0.12421875 0.13125
0 0.8914062500000001 0.35000000000000003 0.17500000000000002 0.09843750000000001
0 0.7453125 0.40625 0.1171875 0.19062500000000002
0 0.394140625 0.6062500000000001 0.11640625 0.16718750000000002
0 0.589453125 0.566796875 0.18984375 0.11484375000000001
0 0.6941406250000001 0.6082031250000001 0.11640625 0.15703125
0 0.810546875 0.636328125 0.06484375 0.18203125
0 0.6996093750000001 0.876953125 0.20078125000000002 0.17265625