0 0.6196196196196196 0.15165165165165165 0.16416416416416416 0.13113113113113112
0 0.7772772772772772 0.1981981981981982 0.14514514514514515 0.08808808808808809
0 0.14364364364364365 0.47997997997998 0.16516516516516516 0.12912912912912913
0 0.509009009009009 0.36536536536536535 0.11711711711711711 0.12412412412412413
0 0.8568568568568569 0.33483483483483484 0.16416416416416416 0.09309309309309309
0 0.7232232232232232 0.3963963963963964 0.1111111111111111 0.18018018018018017
0 0.4074074074074074 0.6056056056056056 0.11011011011011011 0.15815815815815815
0 0.5875875875875876 0.5565565565565566 0.1781781781781782 0.10810810810810811
0 0.6881881881881882 0.5885885885885885 0.1091091091091091 0.14814814814814814
0 0.7987987987987988 0.6081081081081081 0.062062062062062065 0.17117117117117117
0 0.7102102102102102 0.8403403403403403 0.1891891891891892 0.16316316316316315