0 0.37756052141527 0.8682495344506518 0.164804469273743 0.13314711359404097
0 0.21880819366852886 0.819366852886406 0.14711359404096835 0.0893854748603352
0 0.14059590316573556 0.6815642458100558 0.16387337057728119 0.09497206703910614
0 0.2751396648044693 0.6219739292364991 0.10893854748603352 0.18063314711359404
0 0.48836126629422716 0.6531657355679702 0.11824953445065177 0.12383612662942271
0 0.8575418994413407 0.542364990689013 0.16573556797020483 0.12756052141527002
0 0.5945065176908753 0.41247672253258844 0.11080074487895716 0.1601489757914339
0 0.4129422718808194 0.46042830540037244 0.17970204841713222 0.10707635009310987
0 0.31145251396648044 0.4269087523277467 0.11080074487895716 0.15176908752327747
0 0.2011173184357542 0.40782122905027934 0.0595903165735568 0.17132216014897578
0 0.2914338919925512 0.17690875232774675 0.18808193668528864 0.1564245810055866