0 0.3507984031936127 0.8552894211576846 0.1686626746506986 0.13572854291417163
0 0.19560878243512972 0.7899201596806387 0.1497005988023952 0.09081836327345309
0 0.8707584830339321 0.5738522954091816 0.1686626746506986 0.13173652694610777
0 0.4865269461077844 0.6501996007984031 0.12075848303393212 0.12674650698602793
0 0.12924151696606787 0.6427145708582834 0.1686626746506986 0.09580838323353293
0 0.27195608782435127 0.594311377245509 0.11277445109780439 0.18463073852295409
0 0.6172654690618762 0.41616766467065863 0.11277445109780439 0.16167664670658682
0 0.4281437125748503 0.4466067864271457 0.18363273453093812 0.11077844311377244
0 0.32884231536926145 0.4021956087824351 0.11277445109780439 0.15169660678642713
0 0.21856287425149698 0.3712574850299401 0.06387225548902195 0.17564870259481036
0 0.33433133732534925 0.14421157684630737 0.19361277445109779 0.16666666666666666