0 0.3746192893401015 0.14923857868020304 0.16649746192893403 0.13401015228426397
0 0.2152284263959391 0.2 0.14822335025380712 0.08934010152284265
0 0.13705583756345177 0.3385786802030457 0.16446700507614215 0.09441624365482235
0 0.27309644670050764 0.39746192893401017 0.10964467005076142 0.1817258883248731
0 0.48680203045685283 0.3649746192893401 0.11878172588832488 0.12487309644670051
0 0.8593908629441624 0.47411167512690355 0.16548223350253807 0.12791878172588833
0 0.5954314720812183 0.6060913705583757 0.11269035532994924 0.1604060913705584
0 0.41269035532994924 0.5593908629441625 0.1817258883248731 0.10761421319796954
0 0.31065989847715736 0.5928934010152285 0.1116751269035533 0.15228426395939088
0 0.2 0.6131979695431472 0.06091370558375635 0.17258883248730966
0 0.29187817258883253 0.8446700507614213 0.18984771573604062 0.1583756345177665