0 0.38828125 0.193359375 0.15781250000000002 0.15234375
0 0.606640625 0.217578125 0.15859375 0.08046875
0 0.83359375 0.271484375 0.1953125 0.11015625000000001
0 0.16523437500000002 0.408984375 0.14296875 0.17734375000000002
0 0.4140625 0.38906250000000003 0.18125000000000002 0.1125
0 0.6179687500000001 0.4078125 0.13593750000000002 0.1546875
0 0.798828125 0.495703125 0.11796875000000001 0.19921875
0 0.27734375 0.59921875 0.1921875 0.125
0 0.55078125 0.702734375 0.146875 0.22734375
0 0.6371093750000001 0.73203125 0.08671875000000001 0.19375
0 0.8402343750000001 0.847265625 0.15078125 0.16640625