0 0.3887722980062959 0.20199370409234 0.14795383001049317 0.1416579223504722
0 0.5965372507869885 0.21196222455403987 0.15005246589716684 0.07974816369359916
0 0.8142707240293809 0.25078698845750264 0.18677859391395593 0.10283315844700945
0 0.6196222455403988 0.39244491080797483 0.12906610703043023 0.14480587618048268
0 0.7922350472193075 0.46379853095487933 0.10912906610703044 0.18677859391395593
0 0.425498426023085 0.38562434417628544 0.17103882476390347 0.10388247639034628
0 0.19097586568730326 0.41920251836306405 0.1385099685204617 0.1689401888772298
0 0.30849947534102834 0.5902413431269675 0.1783840503672613 0.12067156348373557
0 0.5729275970619098 0.6720881427072403 0.13641133263378805 0.21301154249737672
0 0.6568730325288563 0.695697796432319 0.0839454354669465 0.18467995802728226
0 0.8541448058761805 0.7917103882476391 0.14270724029380902 0.15634837355718784