0 0.43688845401174164 0.18933463796477495 0.14774951076320939 0.14187866927592954
0 0.6379647749510763 0.22700587084148727 0.1487279843444227 0.07632093933463796
0 0.8449119373776908 0.2930528375733855 0.18297455968688844 0.10273972602739725
0 0.21428571428571427 0.37426614481409 0.13307240704500978 0.16536203522504891
0 0.4466731898238747 0.37279843444227 0.16927592954990214 0.10567514677103718
0 0.6350293542074363 0.40459882583170254 0.12720156555772993 0.14383561643835616
0 0.7969667318982387 0.49902152641878667 0.11056751467710371 0.18590998043052837
0 0.30528375733855184 0.5587084148727984 0.18003913894324852 0.11741682974559686
0 0.5523483365949119 0.673679060665362 0.1379647749510763 0.21232876712328766
0 0.6306262230919765 0.7069471624266145 0.0812133072407045 0.18101761252446183
0 0.8111545988258316 0.8282778864970646 0.14090019569471623 0.15557729941291584