0 0.40700104493207945 0.1776384535005225 0.15151515151515152 0.14629049111807735
0 0.6144200626959249 0.2105538140020899 0.15256008359456638 0.07836990595611286
0 0.8286311389759666 0.27220480668756536 0.18808777429467086 0.10553814002089865
0 0.18390804597701152 0.37356321839080464 0.13793103448275865 0.17032392894461862
0 0.42267502612330204 0.36572622779519337 0.17450365726227796 0.10867293625914316
0 0.6165099268547545 0.3923719958202717 0.1316614420062696 0.14942528735632185
0 0.7852664576802508 0.48432601880877746 0.11389759665621736 0.1912225705329154
0 0.2826541274817137 0.5595611285266459 0.18495297805642635 0.12016718913270638
0 0.5386624869383491 0.6713688610240335 0.14106583072100315 0.21839080459770116
0 0.6201671891327064 0.7032392894461861 0.08463949843260189 0.1859979101358412
0 0.8087774294670848 0.8218390804597702 0.14420062695924765 0.15987460815047025