0 0.3700673724735323 0.1717998075072185 0.1530317613089509 0.14725697786333014
0 0.5808469682386911 0.1867179980750722 0.1530317613089509 0.07892204042348412
0 0.8007699711260828 0.2295476419634264 0.18864292589027912 0.10683349374398461
0 0.16361886429258904 0.38787295476419636 0.13859480269489896 0.17131857555341676
0 0.40230991337824834 0.3589990375360924 0.1751684311838306 0.109720885466795
0 0.599133782483157 0.3691049085659288 0.1318575553416747 0.14918190567853706
0 0.7762271414821944 0.44658325312800773 0.11453320500481233 0.192492781520693
0 0.2786333012512031 0.5659287776708374 0.18575553416746873 0.12127045235803657
0 0.5457170356111646 0.6554379210779596 0.1424446583253128 0.21944177093359
0 0.629451395572666 0.6799807507218479 0.08469682386910492 0.18768046198267566
0 0.829162656400385 0.7829643888354187 0.1453320500481232 0.16073147256977866