0 0.3995771670190275 0.18551797040169135 0.1522198731501057 0.14482029598308668
0 0.6120507399577167 0.20190274841437633 0.1543340380549683 0.0824524312896406
0 0.8340380549682875 0.24841437632135308 0.19238900634249473 0.10570824524312897
0 0.6305496828752643 0.38742071881606766 0.1321353065539112 0.14904862579281183
0 0.8049682875264271 0.46617336152219874 0.113107822410148 0.19238900634249473
0 0.4307610993657505 0.37526427061310785 0.17653276955602537 0.10782241014799154
0 0.19027484143763215 0.4022198731501057 0.1416490486257928 0.1744186046511628
0 0.3049682875264271 0.5819238900634249 0.18287526427061312 0.12367864693446089
0 0.5739957716701903 0.6733615221987316 0.13953488372093023 0.21987315010570826
0 0.6596194503171248 0.7003171247357294 0.08668076109936576 0.18921775898520085
0 0.8588794926004228 0.8044397463002114 0.14693446088794926 0.16067653276955604