0 0.41252485089463214 0.17594433399602383 0.15506958250497016 0.147117296222664
0 0.6282306163021868 0.20278330019880714 0.1570576540755467 0.08349900596421471
0 0.8513916500994035 0.25994035785288266 0.19582504970178924 0.10636182902584491
0 0.6376739562624254 0.3916500994035785 0.1341948310139165 0.15109343936381708
0 0.8116302186878727 0.48011928429423456 0.11431411530815108 0.19483101391650098
0 0.4358846918489065 0.36978131212723653 0.17992047713717693 0.10934393638170974
0 0.18936381709741548 0.386182902584493 0.14413518886679919 0.17793240556660037
0 0.2982107355864811 0.573558648111332 0.1868787276341948 0.12524850894632206
0 0.5670974155069582 0.6794234592445327 0.14214711729622265 0.2236580516898608
0 0.6525844930417495 0.7107355864811132 0.08846918489065606 0.19284294234592445
0 0.8503976143141152 0.8265407554671967 0.1500994035785288 0.1640159045725646