0 0.41118421052631576 0.17489035087719298 0.15789473684210525 0.1524122807017544
0 0.6271929824561403 0.2012061403508772 0.15789473684210525 0.0800438596491228
0 0.8514254385964912 0.256578947368421 0.19407894736842105 0.10964912280701754
0 0.18859649122807015 0.38651315789473684 0.1425438596491228 0.17653508771929824
0 0.43475877192982454 0.36896929824561403 0.18092105263157893 0.11293859649122806
0 0.6370614035087719 0.38980263157894735 0.13596491228070173 0.15460526315789472
0 0.8152412280701754 0.4786184210526315 0.11732456140350876 0.19846491228070173
0 0.2976973684210526 0.575657894736842 0.1918859649122807 0.125
0 0.5674342105263157 0.6809210526315789 0.14583333333333331 0.22587719298245612
0 0.6529605263157895 0.7105263157894737 0.08662280701754385 0.19298245614035087
0 0.8525219298245613 0.8267543859649122 0.15021929824561403 0.16666666666666666