0 0.5921875 0.8269531250000001 0.15781250000000002 0.15234375
0 0.373828125 0.802734375 0.15859375 0.08046875
0 0.146875 0.7488281250000001 0.1953125 0.11015625000000001
0 0.8152343750000001 0.611328125 0.14296875 0.17734375000000002
0 0.56640625 0.6312500000000001 0.18125000000000002 0.1125
0 0.36250000000000004 0.6125 0.13593750000000002 0.1546875
0 0.181640625 0.524609375 0.11796875000000001 0.19921875
0 0.703125 0.42109375000000004 0.1921875 0.125
0 0.4296875 0.31757812500000004 0.146875 0.22734375
0 0.343359375 0.28828125 0.08671875000000001 0.19375
0 0.140234375 0.17304687500000002 0.15078125 0.16640625