0 0.3170498084291188 0.10249042145593869 0.13409961685823754 0.14559386973180075
0 0.5009578544061303 0.1561302681992337 0.13218390804597702 0.14559386973180075
0 0.6187739463601533 0.21695402298850575 0.17624521072796934 0.10632183908045977
0 0.2844827586206896 0.28639846743295017 0.1417624521072797 0.13026819923371646
0 0.24137931034482757 0.546455938697318 0.09770114942528735 0.14846743295019157
0 0.39990421455938696 0.46886973180076624 0.09482758620689655 0.15996168582375478
0 0.5397509578544061 0.48994252873563215 0.15804597701149425 0.1618773946360153
0 0.764367816091954 0.4013409961685824 0.1264367816091954 0.14942528735632182
0 0.7504789272030651 0.664272030651341 0.09674329501915709 0.16570881226053638
0 0.6925287356321839 0.814176245210728 0.10153256704980843 0.14367816091954022
0 0.4568965517241379 0.707375478927203 0.17049808429118773 0.11590038314176244