0 0.676953125 0.076171875 0.13671875 0.15078125
0 0.48828125 0.13984375000000002 0.13593750000000002 0.15000000000000002
0 0.36796875 0.20820312500000002 0.18281250000000002 0.10859375
0 0.71796875 0.26640625 0.146875 0.134375
0 0.60546875 0.46132812500000003 0.09843750000000001 0.16484375
0 0.7738281250000001 0.534375 0.09921875000000001 0.15000000000000002
0 0.22617187500000002 0.405078125 0.13046875 0.15234375
0 0.4625 0.4890625 0.16562500000000002 0.16875
0 0.25078125 0.6796875 0.1015625 0.17343750000000002
0 0.55703125 0.7117187500000001 0.1765625 0.1171875
0 0.31757812500000004 0.8308593750000001 0.10234375000000001 0.14765625000000002