0 0.323046875 0.076171875 0.13828125 0.15078125
0 0.51171875 0.13984375000000002 0.13593750000000002 0.15000000000000002
0 0.6316406250000001 0.2078125 0.18203125 0.109375
0 0.28164062500000003 0.26601562500000003 0.14609375 0.13515625
0 0.22578125000000002 0.534375 0.1 0.153125
0 0.394140625 0.460546875 0.09765625 0.16484375
0 0.53828125 0.48828125 0.1640625 0.16718750000000002
0 0.775390625 0.40546875000000004 0.13046875 0.1546875
0 0.75 0.6781250000000001 0.1 0.171875
0 0.68359375 0.831640625 0.1046875 0.14921875
0 0.44296875 0.710546875 0.1765625 0.11953125