0 0.6725529767911201 0.10797174571140263 0.12815338042381433 0.14127144298688193
0 0.5015136226034309 0.18012108980827446 0.12714429868819374 0.14026236125126135
0 0.39354187689202824 0.25176589303733604 0.1715438950554995 0.10191725529767912
0 0.7240161453077699 0.2820383451059536 0.13824419778002017 0.12613521695257315
0 0.6326942482341069 0.4717457114026236 0.09283551967709384 0.15438950554994954
0 0.7941473259334006 0.5282542885973764 0.09283551967709384 0.14026236125126135
0 0.2749747729566095 0.4450050454086781 0.12209889001009082 0.1432896064581231
0 0.5010090817356206 0.507063572149344 0.15438950554994954 0.1584258324924319
0 0.3168516649848638 0.6987891019172553 0.09485368314833502 0.16246215943491424
0 0.6044399596367306 0.7078708375378405 0.16548940464177597 0.1099899091826438
0 0.3895055499495459 0.8350151362260343 0.09687184661957618 0.13824419778002017