0 0.32441113490364026 0.0765524625267666 0.139186295503212 0.15096359743040685
0 0.5123126338329764 0.14079229122055675 0.13597430406852248 0.15096359743040685
0 0.6316916488222698 0.20931477516059957 0.18201284796573877 0.11027837259100642
0 0.2831905781584583 0.26605995717344755 0.14668094218415417 0.13597430406852248
0 0.2259100642398287 0.5331905781584583 0.10064239828693791 0.15417558886509636
0 0.3940042826552463 0.4603854389721628 0.09850107066381157 0.16488222698072805
0 0.5380085653104926 0.48822269807280516 0.1638115631691649 0.1670235546038544
0 0.774625267665953 0.4063169164882227 0.1316916488222698 0.15524625267665954
0 0.7483940042826552 0.6782655246252677 0.10064239828693791 0.17237687366167023
0 0.6820128479657388 0.8308351177730193 0.10492505353319058 0.1498929336188437
0 0.4421841541755889 0.7098501070663812 0.1777301927194861 0.11991434689507495