0 0.676953125 0.923828125 0.13828125 0.15078125
0 0.48828125 0.8601562500000001 0.13593750000000002 0.15000000000000002
0 0.36835937500000004 0.7921875 0.18203125 0.109375
0 0.718359375 0.733984375 0.14609375 0.13515625
0 0.7742187500000001 0.465625 0.1 0.153125
0 0.6058593750000001 0.539453125 0.09765625 0.16484375
0 0.46171875 0.51171875 0.1640625 0.16718750000000002
0 0.224609375 0.5945312500000001 0.13046875 0.1546875
0 0.25 0.321875 0.1 0.171875
0 0.31640625 0.168359375 0.1046875 0.14921875
0 0.55703125 0.28945312500000003 0.1765625 0.11953125