0 0.6650853889943074 0.9022770398481974 0.13282732447817838 0.1461100569259962
0 0.4852941176470588 0.8339658444022771 0.1318785578747628 0.1461100569259962
0 0.37144212523719167 0.7642314990512334 0.1774193548387097 0.10531309297912714
0 0.711100569259962 0.7201138519924098 0.14326375711574954 0.13092979127134724
0 0.6095825426944972 0.527988614800759 0.09582542694497154 0.1603415559772296
0 0.7741935483870968 0.4629981024667932 0.0967741935483871 0.1461100569259962
0 0.2409867172675522 0.5692599620493358 0.127134724857685 0.14800759013282733
0 0.472011385199241 0.49620493358633777 0.1603415559772296 0.16318785578747627
0 0.27419354838709675 0.3050284629981025 0.09867172675521822 0.16793168880455409
0 0.571157495256167 0.2846299810246679 0.17077798861480076 0.11385199240986718
0 0.3439278937381404 0.16129032258064516 0.09962049335863378 0.1442125237191651