0 0.6527343750000001 0.907421875 0.13828125 0.15078125
0 0.46406250000000004 0.84375 0.13593750000000002 0.15000000000000002
0 0.34414062500000003 0.7757812500000001 0.18203125 0.109375
0 0.6941406250000001 0.7175781250000001 0.14609375 0.13515625
0 0.75 0.44921875 0.1 0.153125
0 0.581640625 0.523046875 0.09765625 0.16484375
0 0.4375 0.49531250000000004 0.1640625 0.16718750000000002
0 0.20039062500000002 0.578125 0.13046875 0.1546875
0 0.22578125000000002 0.30546875 0.1 0.171875
0 0.2921875 0.15195312500000002 0.1046875 0.14921875
0 0.5328125 0.273046875 0.1765625 0.11953125