0 0.5009823182711198 0.10756385068762278 0.08644400785854617 0.12278978388998034
0 0.4764243614931237 0.23821218074656186 0.11787819253438113 0.07760314341846758
0 0.6237721021611001 0.29764243614931235 0.1355599214145383 0.07269155206286837
0 0.7554027504911591 0.356090373280943 0.11394891944990176 0.08939096267190569
0 0.5397838899803536 0.3600196463654224 0.12082514734774066 0.06974459724950884
0 0.20481335952848723 0.3610019646365422 0.11296660117878192 0.05992141453831041
0 0.4165029469548133 0.4798624754420432 0.07269155206286837 0.12082514734774066
0 0.6051080550098231 0.4759332023575638 0.13163064833005894 0.10903732809430254
0 0.41208251473477403 0.6566797642436148 0.11689587426326128 0.06777996070726915
0 0.6016699410609037 0.7166011787819253 0.11886051080550097 0.11886051080550097
0 0.7539292730844793 0.8526522593320235 0.12082514734774066 0.09823182711198428