0 0.48225152129817445 0.9092292089249493 0.09026369168356999 0.12677484787018256
0 0.4634888438133874 0.7718052738336714 0.12170385395537525 0.08519269776876268
0 0.6196754563894523 0.716024340770791 0.14198782961460446 0.07707910750507099
0 0.5334685598377282 0.6480730223123732 0.1257606490872211 0.07302231237322515
0 0.7586206896551724 0.6622718052738337 0.11967545638945233 0.09330628803245436
0 0.18509127789046653 0.6308316430020284 0.11866125760649088 0.06490872210953347
0 0.41227180527383367 0.5177484787018255 0.07809330628803246 0.12677484787018256
0 0.6095334685598377 0.5294117647058824 0.13793103448275862 0.11359026369168357
0 0.41683569979716023 0.33316430020283977 0.12170385395537525 0.06997971602434078
0 0.6156186612576064 0.27941176470588236 0.12373225152129817 0.12677484787018256
0 0.781947261663286 0.1460446247464503 0.127789046653144 0.10344827586206896