0 0.5234530938123753 0.9066866267465069 0.08882235528942115 0.124750499001996
0 0.5364271457085827 0.7709580838323352 0.12075848303393212 0.08083832335329341
0 0.3802395209580838 0.7245508982035928 0.13972055888223553 0.07385229540918163
0 0.24101796407185627 0.6776447105788422 0.11676646706586825 0.09181636726546906
0 0.4600798403193612 0.652694610778443 0.12375249500998003 0.0718562874251497
0 0.8003992015968063 0.6197604790419161 0.11576846307385229 0.06187624750499002
0 0.5733532934131736 0.5194610778443113 0.0748502994011976 0.124750499001996
0 0.3822355289421157 0.5419161676646707 0.1337325349301397 0.1117764471057884
0 0.5613772455089819 0.3388223552894211 0.12075848303393212 0.06886227544910178
0 0.3627744510978044 0.29640718562874246 0.12075848303393212 0.12175648702594809
0 0.19510978043912175 0.17315369261477045 0.12275449101796407 0.10079840319361276