0 0.48917748917748916 0.9036796536796536 0.08874458874458875 0.12554112554112554
0 0.4680735930735931 0.7683982683982684 0.12012987012987013 0.08441558441558442
0 0.6212121212121212 0.711038961038961 0.13852813852813853 0.07575757575757576
0 0.5357142857142857 0.6455627705627706 0.12337662337662338 0.07251082251082251
0 0.7570346320346321 0.6558441558441559 0.11796536796536797 0.09090909090909091
0 0.1920995670995671 0.6336580086580087 0.11580086580086581 0.06385281385281386
0 0.413961038961039 0.5183982683982684 0.07683982683982683 0.12554112554112554
0 0.6082251082251082 0.5275974025974026 0.13636363636363635 0.11147186147186147
0 0.4155844155844156 0.3371212121212121 0.12121212121212122 0.07034632034632035
0 0.6109307359307359 0.28084415584415584 0.12229437229437229 0.12445887445887446
0 0.7716450216450217 0.14664502164502163 0.12554112554112554 0.10281385281385282