0 0.46198267564966317 0.10202117420596728 0.08854667949951878 0.12512030798845045
0 0.44995187680461984 0.2372473532242541 0.12030798845043311 0.07988450433108758
0 0.6044273339749759 0.2829643888354187 0.13859480269489896 0.07314725697786334
0 0.7435033686236766 0.32868142444658327 0.11645813282001925 0.09143407122232916
0 0.5255052935514919 0.3541867179980751 0.12319538017324351 0.0712223291626564
0 0.1867179980750722 0.3888354186717998 0.11549566891241579 0.061597690086621755
0 0.4133782483156882 0.48796920115495673 0.0741097208854668 0.12319538017324351
0 0.6039461020211743 0.4643888354186718 0.13378248315688163 0.11068334937439847
0 0.426371511068335 0.6674687199230029 0.11934552454282965 0.068334937439846
0 0.624157844080847 0.7088546679499519 0.12030798845043311 0.12030798845043311
0 0.7916265640038499 0.8306063522617902 0.12223291626564005 0.10009624639076035