0 0.5030272452068617 0.10847628657921292 0.08577194752774975 0.12209889001009082
0 0.4772956609485368 0.2391523713420787 0.1170534813319879 0.07870837537840565
0 0.6236125126135217 0.29868819374369326 0.13521695257315844 0.07063572149344097
0 0.7542885973763875 0.3577194752774975 0.11402623612512613 0.08980827447023208
0 0.5398587285570131 0.36074672048435924 0.12108980827447023 0.06962663975782038
0 0.2058526740665994 0.3602421796165489 0.11301715438950555 0.060544904137235116
0 0.4167507568113017 0.479313824419778 0.07265388496468214 0.12108980827447023
0 0.6044399596367306 0.47578203834510596 0.1311806256306761 0.10797174571140263
0 0.4117053481331988 0.6553985872855701 0.1170534813319879 0.06760847628657922
0 0.599899091826438 0.7159434914228052 0.11806256306760848 0.11806256306760848
0 0.7512613521695257 0.851664984863774 0.12008072653884964 0.09889001009081735