0 0.4744791666666667 0.0890625 0.090625 0.128125
0 0.4578125 0.22760416666666666 0.121875 0.08645833333333333
0 0.6161458333333333 0.28020833333333334 0.14270833333333333 0.07708333333333334
0 0.53125 0.35 0.12708333333333333 0.07291666666666667
0 0.7567708333333333 0.33177083333333335 0.11979166666666667 0.09270833333333334
0 0.18125 0.375 0.11875 0.06458333333333333
0 0.4119791666666667 0.48385416666666664 0.078125 0.128125
0 0.6098958333333333 0.46822916666666664 0.13854166666666667 0.11354166666666667
0 0.4197916666666667 0.6697916666666667 0.12291666666666666 0.07083333333333333
0 0.6213541666666667 0.7197916666666666 0.12395833333333334 0.12708333333333333
0 0.7911458333333333 0.8510416666666667 0.128125 0.10416666666666667