0 0.5023474178403756 0.107981220657277 0.0863849765258216 0.12206572769953052
0 0.47699530516431926 0.23849765258215963 0.11830985915492957 0.07887323943661971
0 0.6239436619718309 0.2981220657276995 0.13615023474178403 0.07230046948356807
0 0.7553990610328638 0.3572769953051643 0.1136150234741784 0.0892018779342723
0 0.5394366197183098 0.360093896713615 0.12112676056338027 0.07042253521126761
0 0.20516431924882628 0.3605633802816901 0.1136150234741784 0.06009389671361502
0 0.4169014084507042 0.4793427230046948 0.07323943661971831 0.12112676056338027
0 0.6051643192488263 0.476056338028169 0.13051643192488263 0.10892018779342723
0 0.4117370892018779 0.6563380281690141 0.11737089201877934 0.0676056338028169
0 0.6009389671361502 0.7169014084507042 0.11830985915492957 0.11924882629107982
0 0.7530516431924883 0.852112676056338 0.12018779342723004 0.09859154929577464