0 0.5827263267429761 0.8387096774193549 0.08532778355879293 0.10405827263267431
0 0.40322580645161293 0.8121748178980229 0.08844953173777316 0.13631633714880334
0 0.6831425598335068 0.759105098855359 0.11134235171696151 0.11342351716961499
0 0.3480749219562956 0.6191467221644121 0.06139438085327784 0.10822060353798128
0 0.540582726326743 0.5874089490114465 0.09677419354838711 0.1259105098855359
0 0.7460978147762748 0.48335067637877216 0.11238293444328826 0.08636836628511968
0 0.37148803329864727 0.42819979188345475 0.07700312174817898 0.11134235171696151
0 0.611862643080125 0.3397502601456816 0.12695109261186266 0.12382934443288243
0 0.46149843912591054 0.3074921956295526 0.12174817898022894 0.08844953173777316
0 0.3563995837669095 0.14151925078043706 0.11134235171696151 0.08740894901144641
0 0.5072840790842873 0.13787721123829347 0.0676378772112383 0.1571279916753382