0 0.616939364773821 0.1867179980750722 0.08662175168431184 0.10587102983638114
0 0.4326275264677575 0.19489894128970164 0.08950914340712224 0.13763233878729547
0 0.7107795957651588 0.2781520692974014 0.1126082771896054 0.11549566891241579
0 0.35659287776708376 0.3840230991337825 0.06256015399422522 0.109720885466795
0 0.5481231953801733 0.43695861405197306 0.0991337824831569 0.1289701636188643
0 0.7454282964388835 0.5635226179018287 0.11453320500481233 0.0875842155919153
0 0.3604427333974976 0.5798845043310876 0.07795957651588066 0.1126082771896054
0 0.5948026948989413 0.6948989412897016 0.1289701636188643 0.12704523580365737
0 0.43888354186718 0.7117420596727623 0.12319538017324351 0.08950914340712224
0 0.314725697786333 0.8686236766121271 0.11357074109720885 0.08950914340712224
0 0.4672762271414822 0.8878729547641964 0.068334937439846 0.16073147256977866