0 0.6027607361963191 0.8159509202453988 0.08282208588957056 0.10224948875255625
0 0.42740286298568514 0.7862985685071575 0.08588957055214724 0.13292433537832313
0 0.7029652351738241 0.7397750511247444 0.10940695296523519 0.1114519427402863
0 0.37678936605316976 0.5961145194274029 0.06032719836400818 0.1063394683026585
0 0.5659509202453988 0.5685071574642128 0.0950920245398773 0.12474437627811862
0 0.7704498977505113 0.47034764826175873 0.1114519427402863 0.08384458077709613
0 0.40388548057259716 0.4084867075664622 0.07566462167689163 0.10940695296523519
0 0.6416155419222904 0.32668711656441723 0.12372188139059306 0.12167689161554193
0 0.49437627811860946 0.29243353783231085 0.11963190184049081 0.08588957055214724
0 0.39417177914110435 0.12678936605316973 0.10940695296523519 0.08588957055214724
0 0.5424335378323109 0.12627811860940696 0.06646216768916156 0.15439672801635992