0 0.42282507015902715 0.8171188026192704 0.08419083255378859 0.1019644527595884
0 0.5996258185219832 0.7862488306828812 0.08606173994387278 0.13376987839101964
0 0.3222637979420019 0.7376052385406923 0.10944808231992517 0.11131898971000935
0 0.6515434985968195 0.5958840037418148 0.0608044901777362 0.10851262862488308
0 0.4616463985032741 0.5664172123479888 0.09448082319925163 0.1244153414405987
0 0.2567820392890552 0.4667913938260056 0.11131898971000935 0.08419083255378859
0 0.6248830682881198 0.4069223573433115 0.07670720299345182 0.11038353601496725
0 0.3872778297474275 0.323199251637044 0.1253507951356408 0.1244153414405987
0 0.5355472404115996 0.28952291861552854 0.11693171188026193 0.08512628624883069
0 0.4869036482694107 0.12114125350795135 0.06641721234798878 0.15434985968194576
0 0.6356407857811038 0.12301216089803554 0.10944808231992517 0.08699719363891488