0 0.5088449531737773 0.16129032258064518 0.08740894901144641 0.10613943808532779
0 0.32518210197710723 0.1867845993756504 0.09053069719042665 0.13839750260145683
0 0.6103017689906348 0.24713839750260147 0.11342351716961499 0.11550468262226848
0 0.26430801248699276 0.380853277835588 0.06243496357960458 0.11238293444328826
0 0.4594172736732571 0.41935483870967744 0.09885535900104059 0.12903225806451615
0 0.6670135275754423 0.530697190426639 0.11654526534859522 0.08740894901144641
0 0.28355879292403746 0.5775234131113424 0.08012486992715921 0.11446409989594174
0 0.5260145681581686 0.6742976066597295 0.1300728407908429 0.12903225806451615
0 0.37200832466181066 0.7029136316337149 0.12174817898022894 0.08844953173777316
0 0.4146722164412071 0.8782518210197712 0.06971904266389178 0.16024973985431842
0 0.2617065556711759 0.8714880332986473 0.11342351716961499 0.09053069719042665