0 0.40811088295687886 0.17505133470225873 0.08726899383983573 0.10574948665297741
0 0.5918891170431212 0.2007186858316222 0.08932238193018481 0.13860369609856263
0 0.3069815195071869 0.2607802874743327 0.11293634496919919 0.11498973305954827
0 0.6524640657084189 0.39476386036960986 0.06262833675564682 0.11190965092402465
0 0.4573921971252567 0.43326488706365507 0.09753593429158111 0.1293634496919918
0 0.25 0.5436344969199178 0.11601642710472279 0.08726899383983573
0 0.6324435318275154 0.5908624229979467 0.08008213552361397 0.11396303901437373
0 0.3906570841889117 0.6873716632443532 0.13039014373716634 0.12833675564681726
0 0.5446611909650925 0.7161190965092403 0.12217659137577003 0.08932238193018481
0 0.5015400410677618 0.8921971252566735 0.06878850102669405 0.16016427104722794
0 0.654517453798768 0.8850102669404518 0.11396303901437373 0.09034907597535935