0 0.46601562500000004 0.166015625 0.08984375 0.10859375
0 0.6578125 0.18476562500000002 0.0921875 0.14296875
0 0.36445312500000004 0.259375 0.11640625 0.11875000000000001
0 0.7289062500000001 0.384375 0.06406250000000001 0.115625
0 0.527734375 0.431640625 0.10078125 0.13359375
0 0.31679687500000003 0.555078125 0.11953125 0.08984375
0 0.716015625 0.5886718750000001 0.08203125 0.11796875000000001
0 0.46875 0.6984375 0.134375 0.1328125
0 0.6296875000000001 0.722265625 0.125 0.09140625000000001
0 0.591796875 0.90625 0.07109375 0.16562500000000002
0 0.7507812500000001 0.892578125 0.1171875 0.09296875