0 0.4375 0.15937500000000002 0.0890625 0.109375
0 0.62890625 0.17539062500000002 0.0921875 0.14296875
0 0.33632812500000003 0.25 0.11640625 0.11875000000000001
0 0.7000000000000001 0.37578125 0.06406250000000001 0.11406250000000001
0 0.49843750000000003 0.42226562500000003 0.1015625 0.13359375
0 0.28750000000000003 0.5457031250000001 0.11875000000000001 0.08984375
0 0.6875 0.5796875 0.08125 0.1171875
0 0.43867187500000004 0.6890625 0.13359375 0.13125
0 0.6000000000000001 0.7132812500000001 0.12812500000000002 0.0921875
0 0.72265625 0.88203125 0.1171875 0.0921875
0 0.562890625 0.895703125 0.07109375 0.16640625