0 0.6082031250000001 0.166796875 0.08984375 0.10859375
0 0.41640625000000003 0.185546875 0.0921875 0.14296875
0 0.7097656250000001 0.26015625000000003 0.11640625 0.11875000000000001
0 0.3453125 0.38515625000000003 0.06406250000000001 0.115625
0 0.546484375 0.432421875 0.10078125 0.13359375
0 0.757421875 0.555859375 0.11953125 0.08984375
0 0.358203125 0.589453125 0.08203125 0.11796875000000001
0 0.60546875 0.69921875 0.134375 0.1328125
0 0.44453125000000004 0.7230468750000001 0.125 0.09140625000000001
0 0.482421875 0.9070312500000001 0.07109375 0.16562500000000002
0 0.32343750000000004 0.8933593750000001 0.1171875 0.09296875