0 0.4098205854579792 0.176109537299339 0.08687440982058546 0.1048158640226629
0 0.5925401322001889 0.20207743153918792 0.08970727101038717 0.13786591123701605
0 0.3083097261567517 0.26109537299339003 0.11237016052880076 0.11425873465533523
0 0.6525023607176582 0.39612842304060436 0.0623229461756374 0.11237016052880076
0 0.45797922568460814 0.43295561850802644 0.09820585457979226 0.12936732766761097
0 0.2507082152974504 0.5429650613786592 0.1161473087818697 0.08687440982058546
0 0.6317280453257791 0.5915958451369216 0.07932011331444759 0.11425873465533523
0 0.39046270066100097 0.6864966949952785 0.12936732766761097 0.12842304060434373
0 0.5439093484419264 0.7157695939565628 0.12086874409820586 0.08876298394711993
0 0.5 0.8909348441926346 0.06893295561850803 0.15958451369216242
0 0.6534466477809254 0.884324834749764 0.11331444759206799 0.08970727101038717