0 0.3214629451395573 0.8286814244465833 0.08469682386910492 0.10202117420596728
0 0.5004812319538018 0.8253128007699712 0.08662175168431184 0.13378248315688163
0 0.2343599615014437 0.7348411934552455 0.10875842155919153 0.11068334937439847
0 0.5808469682386911 0.645813282001925 0.06063522617901829 0.10779595765158807
0 0.3984600577478345 0.5871029836381136 0.09432146294513956 0.12512030798845045
0 0.21174205967276227 0.45717035611164586 0.11164581328200193 0.08469682386910492
0 0.5842155919153033 0.4552454282964389 0.0769971126082772 0.109720885466795
0 0.36284889316650626 0.3354186717998075 0.12512030798845045 0.12415784408084697
0 0.5134744947064486 0.3248315688161694 0.11645813282001925 0.08565928777670838
0 0.4918190567853706 0.15206929740134745 0.06737247353224254 0.1539942252165544
0 0.6381135707410972 0.1761308950914341 0.109720885466795 0.08662175168431184