0 0.444140625 0.16914062500000002 0.08984375 0.10859375
0 0.6359375 0.187890625 0.0921875 0.14296875
0 0.342578125 0.2625 0.11640625 0.11875000000000001
0 0.70703125 0.3875 0.06406250000000001 0.115625
0 0.505859375 0.43476562500000004 0.10078125 0.13359375
0 0.294921875 0.558203125 0.11953125 0.08984375
0 0.6941406250000001 0.591796875 0.08203125 0.11796875000000001
0 0.446875 0.7015625000000001 0.134375 0.1328125
0 0.6078125000000001 0.7253906250000001 0.125 0.09140625000000001
0 0.569921875 0.909375 0.07109375 0.16562500000000002
0 0.7289062500000001 0.895703125 0.1171875 0.09296875