0 0.3921875 0.16953125000000002 0.0890625 0.109375
0 0.58359375 0.185546875 0.0921875 0.14296875
0 0.291015625 0.26015625000000003 0.11640625 0.11875000000000001
0 0.6546875000000001 0.38593750000000004 0.06406250000000001 0.11406250000000001
0 0.453125 0.432421875 0.1015625 0.13359375
0 0.2421875 0.555859375 0.11875000000000001 0.08984375
0 0.6421875 0.58984375 0.08125 0.1171875
0 0.393359375 0.69921875 0.13359375 0.13125
0 0.5546875 0.7234375000000001 0.12812500000000002 0.0921875
0 0.67734375 0.8921875 0.1171875 0.0921875
0 0.517578125 0.905859375 0.07109375 0.16640625