0 0.32421875 0.1171875 0.13125 0.16875
0 0.523046875 0.170703125 0.19765625 0.17421875
0 0.18281250000000002 0.31757812500000004 0.18281250000000002 0.15390625000000002
0 0.376953125 0.48554687500000004 0.13984375000000002 0.19609375
0 0.7781250000000001 0.47968750000000004 0.153125 0.10625000000000001
0 0.55625 0.546875 0.1796875 0.1390625
0 0.18125000000000002 0.607421875 0.140625 0.16640625
0 0.6484375 0.6937500000000001 0.109375 0.16875
0 0.34023437500000003 0.7585937500000001 0.19765625 0.15781250000000002
0 0.52578125 0.8835937500000001 0.15937500000000002 0.15781250000000002
0 0.6589843750000001 0.9296875 0.13828125 0.13593750000000002