0 0.3140625 0.115625 0.13125 0.16875
0 0.512890625 0.16914062500000002 0.19765625 0.17421875
0 0.17265625 0.316015625 0.18281250000000002 0.15390625000000002
0 0.366796875 0.483984375 0.13984375000000002 0.19609375
0 0.7679687500000001 0.478125 0.153125 0.10625000000000001
0 0.54609375 0.5453125 0.1796875 0.1390625
0 0.17109375000000002 0.6058593750000001 0.140625 0.16640625
0 0.63828125 0.6921875000000001 0.109375 0.16875
0 0.330078125 0.75703125 0.19765625 0.15781250000000002
0 0.515625 0.88203125 0.15937500000000002 0.15781250000000002
0 0.6488281250000001 0.9281250000000001 0.13828125 0.13593750000000002