0 0.336443468715697 0.87596048298573 0.13062568605927552 0.1668496158068057
0 0.5340285400658618 0.8260153677277717 0.1942919868276619 0.17233809001097694
0 0.19868276619099892 0.6772777167947311 0.18221734357848518 0.15148188803512624
0 0.3929747530186608 0.5126234906695939 0.14050493962678376 0.19538968166849616
0 0.2008781558726674 0.38913282107574093 0.14050493962678376 0.16575192096597147
0 0.7886937431394073 0.521953896816685 0.1525795828759605 0.10867178924259056
0 0.570252469813392 0.45444566410537873 0.17892425905598244 0.14050493962678376
0 0.6624588364434687 0.31119648737650935 0.10867178924259056 0.16575192096597147
0 0.3600439077936334 0.2420417124039517 0.19538968166849616 0.15697036223929747
0 0.5444566410537871 0.1207464324917673 0.15806805708013172 0.15806805708013172
0 0.6778265642151482 0.075192096597146 0.13721185510428102 0.13501646542261253