0 0.3682252922422954 0.8852284803400637 0.12646121147715195 0.16153028692879914
0 0.5557917109458023 0.824654622741764 0.18703506907545164 0.16578108395324123
0 0.2236981934112646 0.7024442082890542 0.1753453772582359 0.14452709883103082
0 0.40116896918172157 0.5318809776833155 0.13496280552603612 0.18809776833156217
0 0.20882040382571732 0.4250797024442083 0.13496280552603612 0.1594048884165781
0 0.7821466524973432 0.5180658873538788 0.14665249734325186 0.10520722635494155
0 0.5674814027630181 0.46546227417640806 0.17215727948990434 0.13602550478214664
0 0.6487778958554729 0.32199787460148777 0.10520722635494155 0.1594048884165781
0 0.35334750265674814 0.27417640807651433 0.18809776833156217 0.15090329436769392
0 0.5228480340063761 0.1461211477151966 0.15302869287991497 0.15196599362380445
0 0.6482465462274176 0.09458023379383634 0.13177470775770456 0.1296493092454835