0 0.33906250000000004 0.88203125 0.13125 0.16875
0 0.53828125 0.8289062500000001 0.1953125 0.17343750000000002
0 0.197265625 0.6828125 0.18359375 0.15156250000000002
0 0.3921875 0.513671875 0.140625 0.19609375
0 0.19648437500000002 0.39101562500000003 0.14140625 0.16640625
0 0.7921875 0.519140625 0.153125 0.10859375
0 0.5703125 0.452734375 0.1796875 0.14140625
0 0.6625000000000001 0.306640625 0.109375 0.16640625
0 0.35585937500000003 0.240625 0.19609375 0.15781250000000002
0 0.540625 0.11601562500000001 0.15937500000000002 0.15859375
0 0.675 0.06796875000000001 0.1375 0.13593750000000002