0 0.35234375 0.11171875 0.13125 0.16875
0 0.5515625000000001 0.16484375 0.1953125 0.17343750000000002
0 0.21054687500000002 0.31093750000000003 0.18359375 0.15156250000000002
0 0.40546875000000004 0.480078125 0.140625 0.19609375
0 0.209765625 0.602734375 0.14140625 0.16640625
0 0.8054687500000001 0.474609375 0.153125 0.10859375
0 0.58359375 0.541015625 0.1796875 0.14140625
0 0.67578125 0.687109375 0.109375 0.16640625
0 0.369140625 0.753125 0.19609375 0.15781250000000002
0 0.55390625 0.8777343750000001 0.15937500000000002 0.15859375
0 0.6882812500000001 0.92578125 0.1375 0.13593750000000002