0 0.6609375000000001 0.11796875000000001 0.13125 0.16875
0 0.46171875 0.17109375000000002 0.1953125 0.17343750000000002
0 0.802734375 0.3171875 0.18359375 0.15156250000000002
0 0.6078125000000001 0.486328125 0.140625 0.19609375
0 0.8035156250000001 0.608984375 0.14140625 0.16640625
0 0.2078125 0.48085937500000003 0.153125 0.10859375
0 0.4296875 0.547265625 0.1796875 0.14140625
0 0.3375 0.693359375 0.109375 0.16640625
0 0.644140625 0.759375 0.19609375 0.15781250000000002
0 0.45937500000000003 0.883984375 0.15937500000000002 0.15859375
0 0.325 0.9320312500000001 0.1375 0.13593750000000002