0 0.33053359683794464 0.13883399209486166 0.12747035573122528 0.16304347826086957
0 0.5237154150197628 0.18231225296442685 0.19169960474308298 0.16897233201581027
0 0.20207509881422925 0.3364624505928854 0.1768774703557312 0.1492094861660079
0 0.3952569169960474 0.4911067193675889 0.13636363636363635 0.18972332015810275
0 0.7806324110671936 0.46986166007905134 0.14822134387351776 0.10375494071146245
0 0.5701581027667983 0.5429841897233201 0.17391304347826086 0.13537549407114624
0 0.21146245059288535 0.6151185770750988 0.13636363636363635 0.16106719367588931
0 0.6640316205533596 0.6803359683794465 0.1067193675889328 0.16304347826086957
0 0.3700592885375494 0.7549407114624506 0.19071146245059287 0.15217391304347824
0 0.5533596837944663 0.8680830039525691 0.1541501976284585 0.15316205533596836
0 0.683300395256917 0.9071146245059288 0.133399209486166 0.13241106719367587