0 0.6527343750000001 0.119140625 0.17421875 0.13984375000000002
0 0.817578125 0.18125000000000002 0.15546875000000002 0.09375
0 0.891796875 0.331640625 0.17265625 0.09921875000000001
0 0.745703125 0.38593750000000004 0.11484375000000001 0.19062500000000002
0 0.5222656250000001 0.339453125 0.12421875 0.13046875
0 0.12460937500000001 0.43281250000000004 0.17421875 0.134375
0 0.39453125 0.5867187500000001 0.1171875 0.16875
0 0.589453125 0.548046875 0.18984375 0.11328125
0 0.694921875 0.589453125 0.11640625 0.16015625
0 0.81015625 0.616796875 0.0625 0.18046875
0 0.7000000000000001 0.85546875 0.19843750000000002 0.16562500000000002