0 0.6275894538606402 0.12570621468926554 0.16290018832391714 0.13088512241054615
0 0.7843691148775894 0.17090395480225987 0.14500941619585686 0.08757062146892655
0 0.15725047080979285 0.455743879472693 0.1638418079096045 0.128060263653484
0 0.519774011299435 0.3389830508474576 0.1167608286252354 0.1224105461393597
0 0.8644067796610169 0.3060263653483992 0.1638418079096045 0.09227871939736346
0 0.733050847457627 0.3681732580037665 0.11016949152542373 0.17890772128060262
0 0.4199623352165725 0.5786252354048964 0.10922787193973635 0.15725047080979285
0 0.5988700564971751 0.5282485875706214 0.17702448210922786 0.10734463276836158
0 0.699623352165725 0.559322033898305 0.10922787193973635 0.14689265536723164
0 0.809322033898305 0.577683615819209 0.06120527306967985 0.1704331450094162
0 0.7226930320150659 0.809322033898305 0.18738229755178906 0.16101694915254236