0 0.3850093109869646 0.8463687150837989 0.16294227188081936 0.1303538175046555
0 0.2271880819366853 0.8007448789571695 0.14525139664804468 0.08752327746741155
0 0.14757914338919925 0.6666666666666666 0.1610800744878957 0.0931098696461825
0 0.2797951582867784 0.6056797020484171 0.10707635009310987 0.17783985102420857
0 0.49022346368715086 0.63268156424581 0.11638733705772812 0.12197392923649907
0 0.8528864059590316 0.5181564245810056 0.16201117318435754 0.12569832402234637
0 0.5912476722532588 0.39432029795158285 0.10986964618249534 0.15735567970204842
0 0.4134078212290503 0.4441340782122905 0.17690875232774675 0.10614525139664804
0 0.3123836126629423 0.4129422718808194 0.10893854748603352 0.14990689013035383
0 0.20344506517690875 0.3957169459962756 0.05865921787709497 0.16759776536312848
0 0.28910614525139666 0.16666666666666666 0.18528864059590316 0.15456238361266295