0 0.650390625 0.135546875 0.17421875 0.13984375000000002
0 0.8148437500000001 0.19648437500000002 0.1546875 0.09296875
0 0.12187500000000001 0.45039062500000004 0.17500000000000002 0.13671875
0 0.5183593750000001 0.35468750000000004 0.12421875 0.13125
0 0.88984375 0.34687500000000004 0.17500000000000002 0.09843750000000001
0 0.74375 0.403125 0.1171875 0.19062500000000002
0 0.392578125 0.603125 0.11640625 0.16718750000000002
0 0.587890625 0.563671875 0.18984375 0.11484375000000001
0 0.692578125 0.605078125 0.11640625 0.15703125
0 0.8089843750000001 0.6332031250000001 0.06484375 0.18203125
0 0.6980468750000001 0.8738281250000001 0.20078125000000002 0.17265625