0 0.6213733075435203 0.1513539651837524 0.16924564796905223 0.13636363636363635
0 0.7823984526112185 0.20502901353965183 0.15087040618955513 0.09090909090909091
0 0.1218568665377176 0.4734042553191489 0.1702127659574468 0.13249516441005804
0 0.5014506769825918 0.36750483558994196 0.12088974854932302 0.1276595744680851
0 0.8597678916827853 0.347678916827853 0.1702127659574468 0.09574468085106383
0 0.7205029013539652 0.40667311411992263 0.11411992263056094 0.18471953578336558
0 0.3882978723404255 0.6112185686653772 0.11315280464216634 0.16247582205029013
0 0.5759187620889749 0.5667311411992263 0.18471953578336558 0.11218568665377177
0 0.6784332688588007 0.6034816247582205 0.11315280464216634 0.1528046421663443
0 0.7915860735009671 0.6266924564796905 0.06286266924564797 0.17601547388781433
0 0.6924564796905223 0.8626692456479691 0.195357833655706 0.16827852998065765