0 0.651953125 0.125390625 0.17421875 0.13984375000000002
0 0.81640625 0.186328125 0.1546875 0.09296875
0 0.1234375 0.440234375 0.17500000000000002 0.13671875
0 0.519921875 0.34453125 0.12421875 0.13125
0 0.8914062500000001 0.33671875 0.17500000000000002 0.09843750000000001
0 0.7453125 0.39296875000000003 0.1171875 0.19062500000000002
0 0.394140625 0.59296875 0.11640625 0.16718750000000002
0 0.589453125 0.5535156250000001 0.18984375 0.11484375000000001
0 0.6941406250000001 0.594921875 0.11640625 0.15703125
0 0.810546875 0.623046875 0.06484375 0.18203125
0 0.6996093750000001 0.8636718750000001 0.20078125000000002 0.17265625