0 0.34804687500000003 0.861328125 0.17421875 0.13984375000000002
0 0.18320312500000002 0.7992187500000001 0.15546875000000002 0.09375
0 0.10898437500000001 0.6488281250000001 0.17265625 0.09921875000000001
0 0.255078125 0.5945312500000001 0.11484375000000001 0.19062500000000002
0 0.478515625 0.6410156250000001 0.12421875 0.13046875
0 0.876171875 0.5476562500000001 0.17421875 0.134375
0 0.6062500000000001 0.39375000000000004 0.1171875 0.16875
0 0.41132812500000004 0.432421875 0.18984375 0.11328125
0 0.30585937500000004 0.39101562500000003 0.11640625 0.16015625
0 0.19062500000000002 0.36367187500000003 0.0625 0.18046875
0 0.30078125 0.125 0.19843750000000002 0.16562500000000002