0 0.6679316888045541 0.821157495256167 0.16129032258064516 0.12998102466793168
0 0.8149905123339659 0.7528462998102466 0.1442125237191651 0.08633776091081594
0 0.15607210626185958 0.5721062618595826 0.16223908918406071 0.127134724857685
0 0.5294117647058824 0.6295066413662239 0.1157495256166983 0.12239089184060721
0 0.8723908918406073 0.6081593927893738 0.16223908918406071 0.09108159392789374
0 0.7338709677419355 0.5673624288425048 0.10910815939278938 0.17647058823529413
0 0.3937381404174573 0.4103415559772296 0.10815939278937381 0.15464895635673626
0 0.5773244781783682 0.4316888045540797 0.17552182163187857 0.1062618595825427
0 0.6707779886148008 0.38519924098671726 0.10815939278937381 0.1461100569259962
0 0.7760910815939279 0.35009487666034156 0.06072106261859583 0.16888045540796964
0 0.6546489563567363 0.13709677419354838 0.18595825426944973 0.1603415559772296