0 0.5784729586426299 0.18027571580063628 0.15164369034994699 0.14422057264050903
0 0.36797454931071055 0.211558854718982 0.1548250265111347 0.08165429480381761
0 0.15005302226935313 0.27200424178154825 0.19194061505832452 0.10498409331919407
0 0.3626723223753977 0.39713679745493113 0.13149522799575822 0.14740190880169673
0 0.19406150583244966 0.48780487804878053 0.11240721102863203 0.19088016967126195
0 0.5599151643690351 0.3711558854718982 0.17603393425238603 0.10816542948038177
0 0.8016967126193002 0.38229056203605516 0.1420996818663839 0.17285259809119832
0 0.6993637327677625 0.5683987274655355 0.183457051961824 0.1230116648992577
0 0.4379639448568399 0.6776246023329799 0.13997879109225878 0.21845174973488868
0 0.35471898197242846 0.7104984093319194 0.08589607635206788 0.1887592788971368
0 0.16330858960763522 0.8271474019088018 0.14634146341463417 0.16118769883351008