0 0.59296875 0.82734375 0.15625 0.1484375
0 0.373828125 0.8035156250000001 0.15859375 0.08359375000000001
0 0.146484375 0.7484375000000001 0.19765625 0.1078125
0 0.361328125 0.611328125 0.13515625 0.15234375
0 0.18359375 0.5242187500000001 0.115625 0.19687500000000002
0 0.56640625 0.630859375 0.18125000000000002 0.11015625000000001
0 0.81640625 0.610546875 0.1453125 0.17890625000000002
0 0.7035156250000001 0.421875 0.18828125 0.1265625
0 0.42890625000000004 0.318359375 0.14375000000000002 0.22578125000000002
0 0.341796875 0.287890625 0.08828125 0.19453125000000002
0 0.139453125 0.17343750000000002 0.15078125 0.16562500000000002