0 0.40703125 0.82734375 0.15625 0.1484375
0 0.626171875 0.8035156250000001 0.15859375 0.08359375000000001
0 0.853515625 0.7484375000000001 0.19765625 0.1078125
0 0.638671875 0.611328125 0.13515625 0.15234375
0 0.81640625 0.5242187500000001 0.115625 0.19687500000000002
0 0.43359375 0.630859375 0.18125000000000002 0.11015625000000001
0 0.18359375 0.610546875 0.1453125 0.17890625000000002
0 0.296484375 0.421875 0.18828125 0.1265625
0 0.5710937500000001 0.318359375 0.14375000000000002 0.22578125000000002
0 0.658203125 0.287890625 0.08828125 0.19453125000000002
0 0.860546875 0.17343750000000002 0.15078125 0.16562500000000002