0 0.4078125 0.8269531250000001 0.15781250000000002 0.15234375
0 0.626171875 0.802734375 0.15859375 0.08046875
0 0.853125 0.7488281250000001 0.1953125 0.11015625000000001
0 0.18476562500000002 0.611328125 0.14296875 0.17734375000000002
0 0.43359375 0.6312500000000001 0.18125000000000002 0.1125
0 0.6375000000000001 0.6125 0.13593750000000002 0.1546875
0 0.818359375 0.524609375 0.11796875000000001 0.19921875
0 0.296875 0.42109375000000004 0.1921875 0.125
0 0.5703125 0.31757812500000004 0.146875 0.22734375
0 0.6566406250000001 0.28828125 0.08671875000000001 0.19375
0 0.8597656250000001 0.17304687500000002 0.15078125 0.16640625