0 0.4036964980544747 0.19698443579766536 0.14785992217898833 0.14299610894941633
0 0.6084630350194553 0.20525291828793774 0.14883268482490272 0.07587548638132297
0 0.8239299610894941 0.24027237354085604 0.18287937743190663 0.10311284046692606
0 0.21011673151750973 0.4139105058365759 0.13424124513618677 0.16634241245136186
0 0.441147859922179 0.3779182879377432 0.17023346303501946 0.10603112840466926
0 0.632295719844358 0.3818093385214008 0.12840466926070038 0.14494163424124515
0 0.806420233463035 0.45136186770428016 0.11089494163424124 0.1867704280155642
0 0.32733463035019456 0.583171206225681 0.17996108949416342 0.11770428015564202
0 0.5894941634241245 0.6609922178988327 0.13813229571984437 0.2130350194552529
0 0.6721789883268483 0.6828793774319066 0.08171206225680934 0.18093385214007782
0 0.8691634241245136 0.7767509727626459 0.14105058365758755 0.1566147859922179