0 0.40279114533205007 0.16843118383060637 0.14918190567853706 0.1424446583253128
0 0.6102021174205967 0.2016361886429259 0.15206929740134745 0.07988450433108758
0 0.823869104908566 0.2651588065447546 0.18864292589027912 0.10298363811357075
0 0.6126082771896054 0.384985563041386 0.12993262752646775 0.14629451395572668
0 0.7776708373435997 0.47641963426371514 0.11164581328200193 0.18864292589027912
0 0.41867179980750724 0.35659287776708376 0.17324350336862368 0.10490856592877768
0 0.17998075072184794 0.3638113570741097 0.13859480269489896 0.17131857555341676
0 0.2786333012512031 0.548604427333975 0.17998075072184794 0.12127045235803657
0 0.5346487006737247 0.6602502406159769 0.13763233878729547 0.21559191530317615
0 0.6159769008662176 0.6934552454282965 0.08469682386910492 0.18575553416746873
0 0.8026948989412898 0.8123195380173244 0.14436958614051973 0.15784408084696824