0 0.630078125 0.098046875 0.13828125 0.15078125
0 0.44140625 0.16171875000000002 0.13593750000000002 0.15000000000000002
0 0.32148437500000004 0.22968750000000002 0.18203125 0.109375
0 0.671484375 0.287890625 0.14609375 0.13515625
0 0.7273437500000001 0.55625 0.1 0.153125
0 0.558984375 0.482421875 0.09765625 0.16484375
0 0.41484375 0.51015625 0.1640625 0.16718750000000002
0 0.177734375 0.42734375 0.13046875 0.1546875
0 0.203125 0.7000000000000001 0.1 0.171875
0 0.26953125 0.853515625 0.1046875 0.14921875
0 0.51015625 0.732421875 0.1765625 0.11953125