0 0.31289062500000003 0.10507812500000001 0.13671875 0.15078125
0 0.5015625 0.16875 0.13593750000000002 0.15000000000000002
0 0.6218750000000001 0.237109375 0.18281250000000002 0.10859375
0 0.27187500000000003 0.29531250000000003 0.146875 0.134375
0 0.384375 0.490234375 0.09843750000000001 0.16484375
0 0.21601562500000002 0.5632812500000001 0.09921875000000001 0.15000000000000002
0 0.763671875 0.43398437500000003 0.13046875 0.15234375
0 0.52734375 0.51796875 0.16562500000000002 0.16875
0 0.7390625000000001 0.70859375 0.1015625 0.17343750000000002
0 0.43281250000000004 0.7406250000000001 0.1765625 0.1171875
0 0.6722656250000001 0.8597656250000001 0.10234375000000001 0.14765625000000002