0 0.6878906250000001 0.10117187500000001 0.13828125 0.15078125
0 0.49921875000000004 0.16484375 0.13593750000000002 0.15000000000000002
0 0.37929687500000003 0.2328125 0.18203125 0.109375
0 0.7292968750000001 0.291015625 0.14609375 0.13515625
0 0.78515625 0.5593750000000001 0.1 0.153125
0 0.616796875 0.48554687500000004 0.09765625 0.16484375
0 0.47265625 0.51328125 0.1640625 0.16718750000000002
0 0.23554687500000002 0.43046875 0.13046875 0.1546875
0 0.2609375 0.703125 0.1 0.171875
0 0.32734375000000004 0.856640625 0.1046875 0.14921875
0 0.56796875 0.735546875 0.1765625 0.11953125