0 0.280859375 0.079296875 0.13671875 0.15078125
0 0.46953125 0.14296875 0.13593750000000002 0.15000000000000002
0 0.58984375 0.211328125 0.18281250000000002 0.10859375
0 0.23984375000000002 0.26953125 0.146875 0.134375
0 0.35234375 0.464453125 0.09843750000000001 0.16484375
0 0.183984375 0.5375 0.09921875000000001 0.15000000000000002
0 0.731640625 0.408203125 0.13046875 0.15234375
0 0.49531250000000004 0.4921875 0.16562500000000002 0.16875
0 0.70703125 0.6828125 0.1015625 0.17343750000000002
0 0.40078125000000003 0.71484375 0.1765625 0.1171875
0 0.640234375 0.833984375 0.10234375000000001 0.14765625000000002