0 0.644140625 0.087109375 0.13671875 0.15078125
0 0.45546875000000003 0.15078125 0.13593750000000002 0.15000000000000002
0 0.33515625000000004 0.219140625 0.18281250000000002 0.10859375
0 0.68515625 0.27734375 0.146875 0.134375
0 0.57265625 0.472265625 0.09843750000000001 0.16484375
0 0.7410156250000001 0.5453125 0.09921875000000001 0.15000000000000002
0 0.193359375 0.416015625 0.13046875 0.15234375
0 0.4296875 0.5 0.16562500000000002 0.16875
0 0.21796875000000002 0.690625 0.1015625 0.17343750000000002
0 0.5242187500000001 0.72265625 0.1765625 0.1171875
0 0.284765625 0.841796875 0.10234375000000001 0.14765625000000002