0 0.323046875 0.923828125 0.13671875 0.15078125
0 0.51171875 0.8601562500000001 0.13593750000000002 0.15000000000000002
0 0.63203125 0.7917968750000001 0.18281250000000002 0.10859375
0 0.28203125 0.73359375 0.146875 0.134375
0 0.39453125 0.538671875 0.09843750000000001 0.16484375
0 0.22617187500000002 0.465625 0.09921875000000001 0.15000000000000002
0 0.7738281250000001 0.594921875 0.13046875 0.15234375
0 0.5375 0.5109375 0.16562500000000002 0.16875
0 0.74921875 0.3203125 0.1015625 0.17343750000000002
0 0.44296875 0.28828125 0.1765625 0.1171875
0 0.6824218750000001 0.16914062500000002 0.10234375000000001 0.14765625000000002