0 0.34167468719923005 0.8912415784408085 0.13089509143407124 0.14436958614051973
0 0.5182868142444659 0.8214629451395573 0.12993262752646775 0.14340712223291627
0 0.629451395572666 0.7507218479307026 0.1751684311838306 0.10394610202117421
0 0.2935514918190568 0.7122232916265641 0.14051973051010588 0.1289701636188643
0 0.3917228103946102 0.5206929740134745 0.09432146294513956 0.15784408084696824
0 0.22762271414821944 0.4595765158806545 0.09528392685274303 0.14340712223291627
0 0.7555341674687199 0.5563041385948028 0.12512030798845045 0.14629451395572668
0 0.5259865255052936 0.48796920115495673 0.1588065447545717 0.16169393647738212
0 0.7184793070259866 0.2964388835418672 0.09720885466794996 0.16554379210779596
0 0.42540904716073147 0.28055822906641004 0.16939364773820983 0.1126082771896054
0 0.6477382098171319 0.1554379210779596 0.09817131857555342 0.14148219441770934