0 0.27095808383233533 0.8847305389221556 0.13273453093812373 0.14471057884231536
0 0.4535928143712574 0.8333333333333333 0.1307385229540918 0.1437125748502994
0 0.5703592814371257 0.7739520958083832 0.1746506986027944 0.10479041916167664
0 0.2400199600798403 0.7025948103792414 0.1407185628742515 0.12974051896207583
0 0.19910179640718562 0.44361277445109776 0.09680638722554889 0.1467065868263473
0 0.3562874251497006 0.5219560878243512 0.09381237524950099 0.15768463073852293
0 0.49500998003992014 0.5024950099800399 0.15768463073852293 0.16067864271457086
0 0.717065868263473 0.592315369261477 0.124750499001996 0.14870259481037923
0 0.7055888223552894 0.3308383233532934 0.09580838323353293 0.16467065868263472
0 0.6492015968063871 0.18163672654690619 0.10079840319361276 0.1437125748502994
0 0.4141716566866267 0.2859281437125748 0.16966067864271456 0.11477045908183632