0 0.3775811209439528 0.09980334316617503 0.12979351032448377 0.14060963618485744
0 0.5481809242871191 0.1720747295968535 0.12684365781710916 0.13962635201573256
0 0.6543756145526057 0.24385447394296952 0.17010816125860376 0.10226155358898723
0 0.3259587020648968 0.2728613569321534 0.13667649950835792 0.12684365781710916
0 0.25467059980334317 0.5181907571288102 0.0943952802359882 0.14355948869223206
0 0.41642084562438547 0.4616519174041298 0.09144542772861357 0.1543756145526057
0 0.5476892822025565 0.4975417895771878 0.15339233038348082 0.1553588987217306
0 0.7738446411012783 0.43756145526057033 0.12192723697148476 0.14552605703048183
0 0.7310717797443461 0.6887905604719764 0.09341199606686333 0.16027531956735497
0 0.6588003933136677 0.8269419862340217 0.09832841691248771 0.13962635201573256
0 0.4434611602753196 0.6971484759095379 0.16519174041297935 0.112094395280236