0 0.5103244837758112 0.11553588987217306 0.08456243854473944 0.11897738446411013
0 0.4837758112094396 0.2433628318584071 0.11406096361848575 0.07964601769911504
0 0.6263520157325467 0.30530973451327437 0.13176007866273354 0.07177974434611603
0 0.5417895771878073 0.3633235004916421 0.11799410029498526 0.06784660766961652
0 0.752212389380531 0.3647984267453294 0.112094395280236 0.08652900688298919
0 0.21386430678466078 0.3569321533923304 0.11111111111111112 0.06096361848574238
0 0.4193706981317601 0.4778761061946903 0.07374631268436578 0.11996066863323501
0 0.604228121927237 0.47984267453294005 0.12881022615535892 0.10619469026548674
0 0.41101278269419866 0.6504424778761062 0.11406096361848575 0.06588003933136677
0 0.5939036381514258 0.7138643067846608 0.1160275319567355 0.11799410029498526
0 0.7409046214355949 0.8505408062930188 0.11897738446411013 0.09636184857423796