0 0.46410515672396363 0.1006066734074823 0.08897876643073813 0.12436804853387261
0 0.4519716885743175 0.23559150657229525 0.11931243680485339 0.08291203235591507
0 0.6071789686552073 0.28311425682507585 0.1385237613751264 0.07482305358948434
0 0.5267947421638018 0.3533872598584429 0.12335692618806876 0.07178968655207281
0 0.7451971688574318 0.32912032355915066 0.1172901921132457 0.08998988877654196
0 0.18604651162790697 0.3867542972699697 0.11526794742163803 0.06370070778564206
0 0.41405460060667343 0.4868554095045501 0.07583417593528817 0.12436804853387261
0 0.6056622851365016 0.4666329625884732 0.13549039433771487 0.11021233569261882
0 0.42669362992922144 0.6673407482305359 0.11931243680485339 0.06875631951466128
0 0.6238624873609707 0.7103134479271992 0.12133468149646108 0.12436804853387261
0 0.7927199191102123 0.833670374115268 0.12537917087967645 0.10212335692618807