0 0.46100427350427353 0.10363247863247864 0.08867521367521368 0.12393162393162395
0 0.44978632478632485 0.23771367521367523 0.11965811965811968 0.08226495726495728
0 0.6041666666666667 0.2836538461538462 0.13782051282051283 0.07371794871794872
0 0.5251068376068376 0.35363247863247865 0.12286324786324787 0.07051282051282053
0 0.7419871794871795 0.3285256410256411 0.11645299145299147 0.09081196581196582
0 0.18750000000000003 0.389957264957265 0.11431623931623933 0.061965811965811975
0 0.4139957264957265 0.4871794871794872 0.07585470085470086 0.12393162393162395
0 0.6047008547008548 0.46527777777777785 0.13461538461538464 0.11004273504273505
0 0.4278846153846154 0.6655982905982907 0.1185897435897436 0.06837606837606838
0 0.623931623931624 0.7077991452991453 0.11965811965811968 0.12286324786324787
0 0.7927350427350428 0.8290598290598291 0.12393162393162395 0.10042735042735043