0 0.44739530132788563 0.8998978549540347 0.0898876404494382 0.12665985699693566
0 0.43258426966292135 0.7625127681307456 0.12155260469867211 0.08478038815117467
0 0.5893769152196119 0.7114402451481103 0.14096016343207354 0.07660878447395301
0 0.5061287027579162 0.6409601634320735 0.12563840653728295 0.07252298263534218
0 0.7293156281920327 0.6618998978549541 0.118488253319714 0.09193054136874362
0 0.15934627170582227 0.6133810010214504 0.118488253319714 0.06435137895812053
0 0.3891726251276813 0.5076608784473953 0.07763023493360573 0.12665985699693566
0 0.5847803881511747 0.5250255362614913 0.13789581205311544 0.11235955056179775
0 0.39887640449438205 0.32431052093973445 0.12155260469867211 0.07048008171603677
0 0.5985699693564862 0.2763023493360572 0.12257405515832483 0.12563840653728295
0 0.7681307456588355 0.14759959141981616 0.12665985699693566 0.1031664964249234