0 0.47734375 0.9140625 0.09062500000000001 0.12812500000000002
0 0.459765625 0.774609375 0.12265625000000001 0.08515625
0 0.61875 0.7203125 0.1421875 0.0765625
0 0.5328125 0.650390625 0.1265625 0.07265625
0 0.7601562500000001 0.667578125 0.1203125 0.09296875
0 0.1796875 0.628125 0.11875000000000001 0.06406250000000001
0 0.41171875 0.5164062500000001 0.078125 0.12812500000000002
0 0.6109375 0.530859375 0.1390625 0.11328125
0 0.41835937500000003 0.3296875 0.12265625000000001 0.0703125
0 0.620703125 0.27773437500000003 0.12421875 0.12734375
0 0.790625 0.144140625 0.12812500000000002 0.10390625