0 0.5042507970244421 0.8761955366631243 0.08820403825717321 0.12433581296493092
0 0.49256110520722635 0.7412327311370882 0.12008501594048883 0.07970244420828905
0 0.647183846971307 0.6955366631243358 0.1381509032943677 0.07332624867162593
0 0.78586609989373 0.6493092454835281 0.11583421891604676 0.09139213602550478
0 0.5685441020191285 0.6243358129649309 0.1232731137088204 0.07120085015940489
0 0.22954303931987247 0.5892667375132837 0.11477151965993623 0.060573857598299675
0 0.45589798087141337 0.49096705632306054 0.07438894792773644 0.1232731137088204
0 0.647183846971307 0.5138150903294367 0.1339001062699256 0.11158342189160467
0 0.46971307120085015 0.31137088204038255 0.11902231668437832 0.06801275239107332
0 0.6668437832093517 0.26992561105207225 0.12008501594048883 0.12114771519659935
0 0.834750265674814 0.14771519659936236 0.12221041445270987 0.09989373007438894