0 0.52265625 0.0859375 0.09062500000000001 0.12812500000000002
0 0.540234375 0.225390625 0.12265625000000001 0.08515625
0 0.38125000000000003 0.27968750000000003 0.1421875 0.0765625
0 0.46718750000000003 0.349609375 0.1265625 0.07265625
0 0.23984375000000002 0.33242187500000003 0.1203125 0.09296875
0 0.8203125 0.371875 0.11875000000000001 0.06406250000000001
0 0.58828125 0.48359375000000004 0.078125 0.12812500000000002
0 0.38906250000000003 0.46914062500000003 0.1390625 0.11328125
0 0.581640625 0.6703125000000001 0.12265625000000001 0.0703125
0 0.37929687500000003 0.722265625 0.12421875 0.12734375
0 0.209375 0.8558593750000001 0.12812500000000002 0.10390625