0 0.548311444652908 0.8972795497185742 0.08536585365853659 0.12101313320825516
0 0.5558161350844277 0.7654784240150094 0.11726078799249531 0.07692307692307693
0 0.40384615384615385 0.725609756097561 0.13414634146341464 0.07035647279549719
0 0.2673545966228893 0.6843339587242027 0.1125703564727955 0.08911819887429644
0 0.47842401500938087 0.6538461538461539 0.1200750469043152 0.06941838649155722
0 0.8076923076923077 0.6102251407129455 0.1125703564727955 0.05909943714821764
0 0.5844277673545967 0.5206378986866792 0.07317073170731707 0.1200750469043152
0 0.399155722326454 0.548311444652908 0.1303939962476548 0.10787992495309569
0 0.5666041275797373 0.34568480300187615 0.11632270168855535 0.06660412757973734
0 0.3728893058161351 0.31097560975609756 0.11726078799249531 0.11726078799249531
0 0.20590994371482177 0.19699812382739212 0.11913696060037524 0.0975609756097561