0 0.47734375 0.9144531250000001 0.09062500000000001 0.12890625
0 0.458984375 0.774609375 0.12421875 0.08203125
0 0.618359375 0.7210937500000001 0.14296875 0.07500000000000001
0 0.7605468750000001 0.6671875 0.11953125 0.09375
0 0.533203125 0.65 0.12734375 0.0734375
0 0.1796875 0.628125 0.11875000000000001 0.0625
0 0.4109375 0.516015625 0.0765625 0.12734375
0 0.6097656250000001 0.5320312500000001 0.13828125 0.11406250000000001
0 0.41718750000000004 0.32890625 0.1234375 0.0703125
0 0.620703125 0.27734375 0.12421875 0.125
0 0.7898437500000001 0.14375000000000002 0.1265625 0.10312500000000001