0 0.5385321100917432 0.8353211009174313 0.08440366972477065 0.12018348623853212
0 0.5454128440366973 0.7036697247706423 0.11651376146788991 0.07706422018348624
0 0.39357798165137614 0.6660550458715597 0.13394495412844037 0.06972477064220184
0 0.25779816513761467 0.626605504587156 0.11192660550458716 0.08807339449541285
0 0.4674311926605505 0.5940366972477065 0.11834862385321102 0.06880733944954129
0 0.7931192660550459 0.5477064220183486 0.11100917431192661 0.05871559633027523
0 0.5711009174311927 0.46055045871559636 0.07247706422018349 0.11926605504587157
0 0.3876146788990826 0.48990825688073397 0.12935779816513762 0.10642201834862386
0 0.5513761467889908 0.28807339449541286 0.11559633027522936 0.06605504587155964
0 0.35917431192660554 0.2545871559633028 0.11651376146788991 0.11651376146788991
0 0.1926605504587156 0.14311926605504588 0.11743119266055047 0.09724770642201835